P2
# Created by GIMP version 2.10.36 PNM plug-in
32 32
255
255
255
255
255
255
255
255
255
255
255
255
255
255
255
255
255
255
255
255
255
255
255
255
255
255
255
255
255
255
255
255
255
255
255
255
255
255
255
255
255
255
255
255
255
255
255
255
255
255
254
254
253
253
250
247
245
241
238
235
237
252
255
255
255
255
255
255
255
251
231
232
235
236
236
236
236
236
235
233
232
229
227
224
222
219
220
220
220
220
220
220
215
244
255
255
255
255
255
255
255
242
214
216
216
216
216
216
216
216
216
216
216
216
216
216
216
216
216
216
192
168
172
190
210
238
255
255
255
255
255
255
255
240
209
171
170
167
201
212
212
212
212
212
212
212
212
212
212
212
212
212
202
229
239
212
205
236
255
255
255
255
255
255
255
242
207
201
238
233
205
208
208
208
208
208
208
208
208
208
208
208
208
208
200
239
252
216
202
234
255
255
255
255
255
255
255
243
204
204
249
246
205
205
205
205
205
205
205
205
205
205
205
205
205
205
197
240
252
215
199
234
255
255
255
255
255
255
255
243
199
198
238
233
201
201
201
201
201
201
201
201
201
201
201
201
201
201
194
231
239
207
195
234
255
255
255
255
255
255
255
242
195
197
197
197
197
197
197
197
197
197
197
197
197
197
197
197
197
197
197
197
197
197
193
234
255
255
255
255
255
255
255
240
190
184
184
187
193
193
193
193
193
193
193
193
193
193
193
193
193
193
187
184
184
190
191
235
255
255
255
255
255
255
255
237
182
168
182
171
189
189
189
189
189
189
189
189
189
189
189
189
189
189
165
178
178
180
186
237
255
255
255
255
255
255
255
233
184
228
247
210
186
186
186
186
186
186
186
186
186
186
186
186
186
186
191
242
241
190
183
239
255
255
255
255
255
255
255
229
183
235
252
207
182
182
182
182
182
182
182
182
182
182
182
182
182
182
195
249
245
185
183
241
255
255
255
255
255
255
255
224
182
239
251
200
178
178
178
178
178
178
178
178
178
178
178
178
178
178
199
251
242
178
182
243
255
255
255
255
255
255
254
216
177
213
219
185
174
174
174
174
174
174
174
174
174
174
174
174
174
174
188
220
212
174
184
245
255
255
255
255
255
255
253
209
171
171
171
171
171
171
171
171
171
171
171
171
171
171
171
171
171
171
171
171
171
171
185
247
255
255
255
255
255
255
253
202
158
151
151
159
167
167
167
167
167
167
167
167
167
167
167
167
167
163
148
151
155
167
188
248
255
255
255
255
255
255
252
194
162
199
202
168
163
163
163
163
163
163
163
163
163
163
163
163
163
158
188
205
179
163
190
250
255
255
255
255
255
255
251
186
180
244
248
187
159
159
159
159
159
159
159
159
159
159
159
159
159
162
231
251
211
159
193
251
255
255
255
255
255
255
249
176
183
247
250
179
155
155
155
155
155
155
155
155
155
155
155
155
155
161
236
253
206
155
199
251
255
255
255
255
255
255
248
170
188
249
248
171
151
151
151
151
151
151
151
151
151
151
151
151
151
165
240
253
199
151
202
252
255
255
255
255
255
255
247
164
164
192
191
155
147
147
147
147
147
147
147
147
147
147
147
147
147
153
188
193
167
147
204
253
255
255
255
255
255
255
246
159
144
144
144
144
144
144
144
144
144
144
144
144
144
144
144
144
144
144
144
144
144
144
208
253
255
255
255
255
255
255
245
155
131
136
136
137
140
140
140
140
140
140
140
140
140
140
140
140
140
132
133
138
134
140
210
253
255
255
255
255
255
255
246
154
166
221
220
153
136
136
136
136
136
136
136
136
136
136
136
136
136
144
212
224
178
136
210
253
255
255
255
255
255
255
246
156
177
248
248
164
132
132
132
132
132
132
132
132
132
132
132
132
132
148
238
252
198
132
209
253
255
255
255
255
255
255
248
165
171
247
249
169
130
130
130
130
130
130
130
130
130
130
130
130
130
142
236
253
201
130
208
253
255
255
255
255
255
255
250
178
166
245
249
173
130
130
130
130
130
130
130
130
130
130
130
130
130
139
232
252
204
130
204
253
255
255
255
255
255
255
252
194
135
153
155
137
130
130
130
130
130
130
130
130
130
130
130
130
130
131
150
156
144
130
200
252
255
255
255
255
255
255
254
232
184
172
162
148
138
132
128
125
126
126
126
126
128
130
130
130
130
130
130
130
130
130
191
251
255
255
255
255
255
255
255
252
246
242
238
234
228
222
216
210
203
196
189
182
175
170
166
164
162
162
162
163
165
174
220
252
255
255
255
255
255
255
255
255
255
255
255
255
255
254
254
253
252
251
250
249
247
246
245
244
244
244
244
244
245
246
251
255
255
255
255
